Parent logo : MM1_HSA_K562_CEBPB
XX
Leaf logos : MM1_HSA_K562_CEBPD,MM1_HSA_K562_ATF4,MM1_HSA_K562_ATF7
Overlapping scores : 19.168562041951,37.3641647712914,20.6343189284812
XX
Forking point : 5
PO	A	C	G	T
1	0.38062110916535	0.305124691327274	1.37731201187967	0.936942187627708
2	1.85425321570987	0.301799002659633	0.843947781630498	0
3	0	0	0	3
4	0	0	0	3
5	0.046799116685018	0	2.70897094305252	0.244229940262464
6	0	1	0	0
7	0.527857553130385	0.0476737507179782	0.379092475588742	0.0453762205628949
8	0.111430212521539	0.52441125789776	0	0.364158529580701
9	0.587018954623779	0.412981045376221	0	0
10	1	0	0	0
11	0	0.476163124641011	0.0838598506605399	0.439977024698449
6	0	1	0	0
7	0.763384615384615	0.0341538461538462	0.182461538461538	0.02
8	0.0710769230769231	0.172307692307692	0	0.756615384615385
9	0.183384615384615	0.816615384615385	0	0
10	1	0	0	0
11	0	0.348615384615385	0.125230769230769	0.526153846153846
6	0	1	0	0
7	0.75070821529745	0.0464589235127479	0.18300283286119	0.0198300283286119
8	0.0736543909348442	0.179603399433428	0	0.746742209631728
9	0.211898016997167	0.788101983002833	0	0
10	1	0	0	0
11	0	0.349008498583569	0.121246458923513	0.529745042492918
XX
CC program: Forked-PWM
Source: intersectPeakMatrix of MM1_HSA_K562_CEBPB and 3 other matrices.
Matirx built by 77.17 % Of total peaks.
XX
//
Parent logo : MM1_HSA_K562_ATF4
XX
Leaf logos : MM1_HSA_K562_CEBPB,MM1_HSA_K562_JUN,MM1_HSA_K562_JUND,MM1_HSA_K562_ATF7
Overlapping scores : 16.6618329466357,7.68561484918794,13.8389404485692,12.4516627996906
XX
Forking point : 4
PO	A	C	G	T
1	2.29026590955141	0.606627886561219	1.04352473891853	0.0595814649688403
2	0	0.00154564006218099	0	3.99845435993782
3	0	0	0.227840570106814	3.77215942989319
4	0.790693353224144	0	2.38854362228575	0.820763024490106
5	0	0.99973544973545	0	0.000264550264550265
6	0.824338624338624	0.0455026455026455	0.13015873015873	0
7	0.0328042328042328	0.0444444444444444	0	0.922751322751323
8	0.0259259259259259	0.972751322751323	0	0.00132275132275132
9	0.998677248677249	0	0.000529100529100529	0.000793650793650794
10	0.00317460317460317	0.263227513227513	0.192857142857143	0.540740740740741
11	0.184391534391534	0.381481481481481	0.125925925925926	0.308201058201058
5	0	1	0	0
6	0.815173987450086	0.0484883057615516	0.136337706788363	0
7	0.0188248716486024	0.0450656018254421	0	0.936109526525955
8	0.0154021677124929	0.982316029663434	0	0.00228180262407302
9	0.999429549343982	0	0	0.000570450656018254
10	0.00456360524814604	0.224757558471192	0.239018824871649	0.531660011409013
11	0.140330861380491	0.435824301197946	0.150028522532801	0.273816314888762
5	0	1	0	0
6	0.839394914708722	0.0415191503057612	0.119085934985517	0
7	0.0173801094303186	0.0434502735757966	0	0.939169616993885
8	0.015127132281944	0.982941744448021	0	0.0019311232700354
9	0.998712584486643	0	0	0.00128741551335694
10	0.00354039266173157	0.21435468297393	0.232378500160927	0.549726424203412
11	0.150627615062762	0.429353073704538	0.148052784036048	0.271966527196653
5	0	0.999652657172629	0	0.000347342827370615
6	0.810698159083015	0.0420284821118444	0.147273358805141	0
7	0.0142410559221952	0.0298714831538729	0	0.955887460923932
8	0.0159777700590483	0.982285515804099	0	0.00173671413685307
9	0.998610628690518	0	0.000347342827370615	0.00104202848211184
10	0.00312608544633553	0.212921153178187	0.198332754428621	0.585620006946857
11	0.146231330323029	0.416811392844738	0.125738103508163	0.311219173324071
XX
CC program: Forked-PWM
Source: intersectPeakMatrix of MM1_HSA_K562_ATF4 and 4 other matrices.
Matirx built by 50.64 % Of total peaks.
XX
//
