Parent logo : MM1_HSA_K562_CEBPB
XX
Leaf logos : MM1_HSA_K562_CEBPD,MM1_HSA_K562_ATF4,MM1_HSA_K562_ATF7
Overlapping scores : 19.168562041951,37.3641647712914,20.6343189284812
XX
Forking point : 5
PO	A	C	G	T
1	0.38062110916535	0.305124691327274	1.37731201187967	0.936942187627708
2	1.85425321570987	0.301799002659633	0.843947781630498	0
3	0	0	0	3
4	0	0	0	3
5	0.046799116685018	0	2.70897094305252	0.244229940262464
6	0	1	0	0
7	0.527857553130385	0.0476737507179782	0.379092475588742	0.0453762205628949
8	0.111430212521539	0.52441125789776	0	0.364158529580701
9	0.587018954623779	0.412981045376221	0	0
10	1	0	0	0
11	0	0.476163124641011	0.0838598506605399	0.439977024698449
6	0	1	0	0
7	0.763384615384615	0.0341538461538462	0.182461538461538	0.02
8	0.0710769230769231	0.172307692307692	0	0.756615384615385
9	0.183384615384615	0.816615384615385	0	0
10	1	0	0	0
11	0	0.348615384615385	0.125230769230769	0.526153846153846
6	0	1	0	0
7	0.75070821529745	0.0464589235127479	0.18300283286119	0.0198300283286119
8	0.0736543909348442	0.179603399433428	0	0.746742209631728
9	0.211898016997167	0.788101983002833	0	0
10	1	0	0	0
11	0	0.349008498583569	0.121246458923513	0.529745042492918
XX
CC program: Forked-PWM
Source: intersectPeakMatrix of MM1_HSA_K562_CEBPB and 3 other matrices.
Matirx built by 77.17 % Of total peaks.
XX
//
